%Real values 
realY = zeros(1, 10) + 110; 
realAngle = [0, 10, 20, 30, 0, ...
        -10, 10, -20, -30, 0];
realX = zeros(1, 10);
************************
Linear Kalman

seenY =

  Columns 1 through 15

   96.2931   97.5493   93.5577   92.3729   90.8506   89.6886   85.3558   82.5812   87.5761   91.0956   94.1059   96.0301   95.1120   96.2338   97.1146

  Columns 16 through 20

   96.2054   96.6562   97.1069   97.8251   98.0260


seenX =

     0     0     0     0     0     0     0     0     0     0     0     0     0     0     0     0     0     0     0     0


seenAngle =

  Columns 1 through 15

   -0.3139   -0.0844   -0.0494    0.1131    0.4458    0.6445    0.6059    0.6048    0.2696    0.1197   -0.0283   -0.1446   -0.0260    0.2292    0.3208

  Columns 16 through 20

   -0.1485   -0.2524   -0.3563   -0.1562   -0.0336


********************
Hand

seenY =

  Columns 1 through 15

   93.6207   99.6552   94.7414   95.6034   76.3362   90.3448   86.3793   43.3621   99.2241   99.7414   96.0345   96.8966   94.0517   94.7414  247.4138

  Columns 16 through 20

  247.7586  400.0000  400.0000   95.8621   96.1207


seenX =

     0     0     0     0     0     0     0     0     0     0     0     0     0     0     0     0     0     0     0     0

 0


seenAngle =

  Columns 1 through 15

         0   -0.2203    0.3139    0.3341   -0.8821    0.5915    0.1335   -1.3951   -0.2520   -0.3735   -0.1555   -0.1555    0.0782    0.1664    1.5204

  Columns 16 through 20

    1.5203         0         0   -0.0448   -0.0336


***********************************
3 EKF
seenY =

   1.0e+03 *

  Columns 1 through 15

    0.0995    0.0998    0.0921    0.0926    0.0874    0.0864    0.2355    0.0826    0.0701   -0.2219   -0.5159   -0.8094   -1.1052   -1.4007   -1.5473

  Columns 16 through 20

   -1.8410   -1.8410   -1.8410   -2.1359   -2.4293


seenX =

     0     0     0     0     0     0     0     0     0     0     0     0     0     0     0     0     0     0     0     0


seenAngle =

  Columns 1 through 15

    0.0716   -0.2247   -0.2381   -0.1800   -0.2466   -0.2788   -0.3930   -0.2375    0.7677    0.8783    0.9318    0.9795    0.9502    0.9231    2.7566

  Columns 16 through 20

    2.7883    2.7883    2.7883    2.7949    2.7983
****************************
6 EKF

seenY =

  Columns 1 through 15

   97.3337   97.0047   95.3717   94.4861   79.1143   73.0644   67.0145   60.9645   54.9146   48.8647   42.8148   36.7649   30.7150   24.6650   18.6151

  Columns 16 through 20

   12.5652    6.5153    0.4654   -5.5845  -11.6344


seenX =

  Columns 1 through 15

   -0.0000    0.0002   -0.0211   -0.0564    3.4916    4.0510    4.6105    5.1699    5.7293    6.2887    6.8481    7.4076    7.9670    8.5264    9.0858

  Columns 16 through 20

    9.6453   10.2047   10.7641   11.3235   11.8830


seenAngle =

  Columns 1 through 15

    0.0112   -0.0060    0.0437    0.0996   -1.1848   -1.4661   -1.7474   -2.0288   -2.3101   -2.5914   -2.8728    3.1291    2.8477    2.5664    2.2850

  Columns 16 through 20

    2.0037    1.7224    1.4410    1.1597    0.8783
